1.0
0.146547488747
0.13098155764
0.118712803651
0.108868375887
0.10083428258
0.0941731150308
0.0885691742579
0.0837915606482
0.0796691225965
0.0760732933878
0.072906216804
0.070092448177
0.0675730936746
0.0653016273507
0.0632408734554
0.0613608058045
0.0596369256513
0.0580490532037
0.0565804178477
0.0552169662224
0.0539468307409
0.0527599174299
0.0516475833496
0.0506023818925
0.049617859984
0.0486883953115
0.0478090646904
0.0469755368393
0.0461839844451
0.0454310115796
0.0447135934229
0.0440290259175
0.0433748834871
0.0427489833445
0.042149355215
0.0415742155332
0.041021945357
0.0404910713831
0.039980249564
0.0394882509177
0.0390139491904
0.0385563100962
0.038114381899
0.0376872871455
0.0372742153855
0.0368744167448
0.0364871962342
0.0361119086978
0.0357479543169
0.0353947746003
0.0350518487979
0.0347186906877
0.0343948456905
0.0340798882733
0.0337734196085
0.0334750654591
0.0331844742647
0.0329013154069
0.0326252776334
0.0323560676249
0.0320934086891
0.0318370395696
0.0315867133563
0.0313421964894
0.0311032678461
0.0308697179021
0.0306413479619
0.0304179694499
0.0301994032578
0.0299854791422
0.0297760351692
0.0295709171999
0.0293699784151
0.0291730788744
0.0289800851078
0.0287908697359
0.0286053111177
0.0284232930223
0.0282447043238
0.0280694387165
0.0278973944498
0.0277284740799
0.0275625842391
0.0273996354183
0.0272395417653
0.0270822208945
0.0269275937091
0.0267755842347
0.0266261194618
0.0264791291998
0.0263345459376
0.0261923047144
0.0260523429967
0.025914600563
0.0257790193952
0.0256455435762
0.0255141191928
0.0253846942444
0.0252572185568
0.0251316437006
0.0250079229138
0.0248860110287
0.024765864403
0.0246474408539
0.0245306995961
0.0244156011828
0.02430210745
0.0241901814629
0.0240797874659
0.0239708908344
0.0238634580293
0.0237574565538
0.0236528549118
0.0235496225689
0.0234477299149
0.0233471482282
0.0232478496416
0.0231498071102
0.0230529943803
0.02295738596
0.0228629570908
0.0227696837208
0.0226775424794
0.0225865106518
0.0224965661566
0.0224076875222
0.0223198538662
0.0222330448743
0.0221472407807
0.0220624223494
0.0219785708556
0.021895668069
0.0218136962365
0.0217326380667
0.0216524767147
0.0215731957667
0.0214947792266
0.0214172115022
0.0213404773921
0.0212645620733
0.0211894510892
0.0211151303379
0.0210415860612
0.020968804834
0.0208967735537
0.0208254794307
0.0207549099784
0.0206850530046
0.020615896602
0.0205474291401
0.0204796392572
0.0204125158518
0.0203460480755
0.0202802253254
0.0202150372373
0.0201504736784
0.0200865247411
0.0200231807362
0.0199604321873
0.0198982698243
0.0198366845778
0.0197756675738
0.0197152101282
0.0196553037413
0.0195959400931
0.0195371110387
0.0194788086028
0.0194210249761
0.0193637525102
0.0193069837137
0.019250711248
0.0191949279232
0.0191396266946
0.0190848006585
0.0190304430489
0.0189765472339
0.0189231067122
0.0188701151101
0.0188175661779
0.0187654537872
0.0187137719275
0.0186625147038
0.0186116763333
0.0185612511429
0.0185112335664
0.018461618142
0.01841239951
0.01836357241
0.0183151316789
0.0182670722489
0.018219389149
0.0181720775255
0.0181251328022
0.0180785518058
0.0180323407586
0.0179865727096
0.0179418064443
0.0179021923813
0.0178989042013
0.0181701592336