0.879749856297
0.879749856297
0.8797496568
0.879749257801
0.879748659292
0.87974786126
0.879746863685
0.879745666545
0.879744269813
0.879742673459
0.879740877445
0.87973888173
0.879736686271
0.879734291017
0.879731695914
0.879728900904
0.879725905924
0.879722710906
0.879719315779
0.879715720466
0.879711924886
0.879707928955
0.879703732582
0.879699335674
0.879694738133
0.879689939855
0.879684940734
0.879679740659
0.879674339513
0.879668737177
0.879662933526
0.879656928432
0.879650721763
0.87964431338
0.879637703143
0.879630890906
0.87962387652
0.879616659832
0.879609240682
0.879601618909
0.879593794348
0.879585766827
0.879577536174
0.879569102209
0.87956046475
0.879551623612
0.879542578605
0.879533329534
0.879523876202
0.879514218408
0.879504355945
0.879494288606
0.879484016176
0.87947353844
0.879462855177
0.879451966163
0.879440871172
0.879429569971
0.879418062327
0.879406348002
0.879394426754
0.879382298338
0.879369962506
0.879357419007
0.879344667587
0.879331707986
0.879318539945
0.879305163198
0.87929157748
0.879277782518
0.87926377804
0.879249563771
0.87923513943
0.879220504735
0.879205659403
0.879190603146
0.879175335673
0.879159856692
0.879144165908
0.879128263023
0.879112147736
0.879095819747
0.879079278748
0.879062524435
0.879045556496
0.879028374622
0.879010978498
0.878993367809
0.878975542238
0.878957501466
0.878939245172
0.878920773033
0.878902084725
0.878883179922
0.878864058297
0.878844719521
0.878825163264
0.878805389194
0.87878539698
0.878765186287
0.878744756781
0.878724108126
0.878703239985
0.878682152022
0.878660843899
0.878639315276
0.878617565815
0.878595595176
0.878573403019
0.878550989005
0.878528352791
0.878505494039
0.878482412407
0.878459107555
0.878435579143
0.878411826831
0.878387850279
0.878363649148
0.878339223099
0.878314571794
0.878289694896
0.878264592068
0.878239262976
0.878213707283
0.878187924658
0.878161914767
0.87813567728
0.878109211867
0.8780825182
0.878055595953
0.878028444802
0.878001064422
0.877973454494
0.877945614699
0.877917544719
0.877889244239
0.877860712948
0.877831950535
0.877802956693
0.877773731117
0.877744273505
0.877714583556
0.877684660976
0.87765450547
0.877624116748
0.877593494523
0.87756263851
0.877531548429
0.877500224003
0.877468664959
0.877436871025
0.877404841938
0.877372577433
0.877340077253
0.877307341144
0.877274368855
0.877241160141
0.87720771476
0.877174032474
0.877140113051
0.877105956263
0.877071561886
0.877036929701
0.877002059495
0.876966951059
0.876931604187
0.876896018682
0.87686019435
0.876824131001
0.876787828452
0.876751286525
0.876714505049
0.876677483854
0.87664022278
0.876602721671
0.876564980377
0.876526998752
0.876488776658
0.876450313963
0.876411610538
0.876372666264
0.876333481024
0.876294054711
0.87625438722
0.876214478456
0.876174328328
0.876133936751
0.876093303648
0.876052428946
0.87601131258
0.875969954491
0.875928354627
0.87588651294
0.875844429392
0.875802103948
0.875759536583
0.875716727274
0.875673676009
0.87563038278
0.875586847586
0.875543070432