1.0
1.0
1.0
1.0
1.0
1.0
1.0
1.0
1.0
1.0
1.0
1.0
1.0
1.0
1.0
1.0
1.0
1.0
1.0
1.0
1.0
1.0
1.0
1.0
1.0
1.0
1.0
1.0
1.0
1.0
1.0
1.0
1.0
1.0
1.0
1.0
1.0
1.0
1.0
1.0
1.0
1.0
1.0
1.0
1.0
1.0
1.0
1.0
1.0
1.0
1.0
1.0
1.0
1.0
1.0
1.0
1.0
1.0
1.0
1.0
1.0
1.0
1.0
1.0
1.0
1.0
1.0
1.0
1.0
1.0
1.0
1.0
1.0
1.0
1.0
1.0
1.0
1.0
1.0
1.0
1.0
1.0
1.0
1.0
1.0
1.0
1.0
1.0
1.0
1.0
1.0
1.0
1.0
1.0
1.0
1.0
1.0
1.0
1.0
1.0
1.0
1.0
1.0
1.0
1.0
1.0
1.0
1.0
1.0
1.0
1.0
1.0
1.0
1.0
1.0
1.0
1.0
1.0
1.0
1.0
1.0
1.0
1.0
1.0
1.0
1.0
1.0
1.0
1.0
1.0
1.0
1.0
0.999999999999
0.999999999999
0.999999999997
0.999999999995
0.999999999989
0.999999999979
0.99999999996
0.999999999923
0.999999999853
0.999999999723
0.999999999479
0.99999999903
0.999999998208
0.999999996711
0.99999999401
0.999999989174
0.999999980585
0.999999965455
0.99999993902
0.999999893217
0.999999814521
0.999999680466
0.999999454078
0.999999075102
0.999998446302
0.999997412335
0.999995727543
0.999993007456
0.999988656671
0.999981762978
0.999970943985
0.999954127964
0.999928245112
0.999888798983
0.999829280605
0.999740380295
0.999608944933
0.999416622734
0.999138134659
0.998739113543
0.998173460993
0.997380190701
0.996279757394
0.994769915383
0.992721210662
0.989972285394
0.986325260943
0.981541560185
0.975338623382
0.967388053301
0.957315780561
0.944704854263
0.929101420755
0.910024342501
0.886978722088
0.859473333942
0.82704163845
0.789265681432
0.745801798589
0.696406692783
0.640962186981
0.579496863253
0.512203083068
0.439449245187
0.361792197674
0.280012265366
0.195235202351
0.109020955402
0.0181701592336