0.0
0.00499995285467
0.00999990570935
0.014999858564
0.0199998114187
0.0249997642734
0.029999717128
0.0349996699827
0.0399996228374
0.0449995756921
0.0499995285467
0.0549994814014
0.0599994342561
0.0649993871108
0.0699993399654
0.0749992928201
0.0799992456748
0.0849991985295
0.0899991513841
0.0949991042388
0.0999990570935
0.104999009948
0.109998962803
0.114998915658
0.119998868512
0.124998821367
0.129998774222
0.134998727076
0.139998679931
0.144998632786
0.14999858564
0.154998538495
0.15999849135
0.164998444204
0.169998397059
0.174998349914
0.179998302768
0.184998255623
0.189998208478
0.194998161332
0.199998114187
0.204998067042
0.209998019896
0.214997972751
0.219997925606
0.22499787846
0.229997831315
0.23499778417
0.239997737024
0.244997689879
0.249997642734
0.254997595588
0.259997548443
0.264997501298
0.269997454152
0.274997407007
0.279997359862
0.284997312716
0.289997265571
0.294997218426
0.29999717128
0.304997124135
0.30999707699
0.314997029845
0.319996982699
0.324996935554
0.329996888409
0.334996841263
0.339996794118
0.344996746973
0.349996699827
0.354996652682
0.359996605537
0.364996558391
0.369996511246
0.374996464101
0.379996416955
0.38499636981
0.389996322665
0.394996275519
0.399996228374
0.404996181229
0.409996134083
0.414996086938
0.419996039793
0.424995992647
0.429995945502
0.434995898357
0.439995851211
0.444995804066
0.449995756921
0.454995709775
0.45999566263
0.464995615485
0.469995568339
0.474995521194
0.479995474049
0.484995426903
0.489995379758
0.494995332613
0.499995285467
0.504995238322
0.509995191177
0.514995144032
0.519995096886
0.524995049741
0.529995002596
0.53499495545
0.539994908305
0.54499486116
0.549994814014
0.554994766869
0.559994719724
0.564994672578
0.569994625433
0.574994578288
0.579994531142
0.584994483997
0.589994436852
0.594994389706
0.599994342561
0.604994295416
0.60999424827
0.614994201125
0.61999415398
0.624994106834
0.629994059689
0.634994012544
0.639993965398
0.644993918253
0.649993871108
0.654993823962
0.659993776817
0.664993729672
0.669993682526
0.674993635381
0.679993588236
0.68499354109
0.689993493945
0.6949934468
0.699993399654
0.704993352509
0.709993305364
0.714993258219
0.719993211073
0.724993163928
0.729993116783
0.734993069637
0.739993022492
0.744992975347
0.749992928201
0.754992881056
0.759992833911
0.764992786765
0.76999273962
0.774992692475
0.779992645329
0.784992598184
0.789992551039
0.794992503893
0.799992456748
0.804992409603
0.809992362457
0.814992315312
0.819992268167
0.824992221021
0.829992173876
0.834992126731
0.839992079585
0.84499203244
0.849991985295
0.854991938149
0.859991891004
0.864991843859
0.869991796713
0.874991749568
0.879991702423
0.884991655277
0.889991608132
0.894991560987
0.899991513841
0.904991466696
0.909991419551
0.914991372406
0.91999132526
0.924991278115
0.92999123097
0.934991183824
0.939991136679
0.944991089534
0.949991042388
0.954990995243
0.959990948098
0.964990900952
0.969990853807
0.974990806662
0.979990759516
0.984990712371
0.989990665226
0.99499061808
0.999990570935